lorry_automation_user_api_token: !vault |
          $ANSIBLE_VAULT;1.2;AES256;lorry
          61363635636363613634306237343238336439313035376331383162616533656536623836376566
          6335336233343636363966376530393561356461656238350a663066313661653432663639383761
          33343964666434613163626565393864343064383464393836336133313062373262396662346134
          3766393933343731660a626137363665323435656465326139626533626461366664366335663535
          63663735396631323232313232316662323664663435386666396666363266303362

lorry_automation_user_ssh_pub_key: !vault |
          $ANSIBLE_VAULT;1.2;AES256;lorry
          33653662353838643933316433633134383065623635363632373838653662386437346432383236
          3631366661663533626333343634396639663236656635310a613763336438373664376164356465
          38346331633839346533623963343833323961353835666661656466363333346633373235323463
          6265663239623130330a336162656137336532653262343466316530346438303032333736623835
          65303732376636316162646261313935323265333139383634616438386566653064613662306466
          38643832616565313762646165313761326366343661656261333637313133333135363562326238
          30393261316136353164653834353465313232313130376364343836386430623430613366666661
          33343166666434663263646238623030653661356335623139313434346161393338633364313035
          30373533333562333938306434633062613263383034353361663937323638353633653437643035
          34333564623833363333386466353434633639613839333762633562346530656163303038386434
          34343734636238323763623533313665323934336261346164643438616231356666356532626463
          61306134373638303262366431386264346165646536646265383964343139383533373865303364
          33663964336562336538386665656533343639613039396135313863646531353536363765396333
          63343638323231386534323636623432663430363030623931646432313333656432356333356139
          63313461633332346564626331656464326532643364663136653330623065306130663861346239
          63323237353230326463613038353339363766333537383263306535303535626165656336663732
          39633539383639383430643737623463333937393164646237656563353538663336306462313530
          38336432326635336366643834343032386566613434316536613435383334653762626163386131
          36663264316531366161656232373236636633396330303965346633613134323735613561643737
          39623232313435386134623463366438373166656138346635623063333063663834383136313364
          64656430333138653936363234333137353864643766653234363933633733646531306437636532
          38616235363662646437626430383666323436363330346138323337356132356331663536633532
          64366238633632313666613934663933353931363862356339373939616331366261333663633038
          38663637366536313966306565636630343461323637343865383837373066303136356134353665
          32616263393137326262303735353563363464383066393432663366313961313737363330396534
          32356266353733306537646436663264343838313463303266396462363331396138656564353266
          64396134356663353237633237656538633465303865663033643666666662643131313937333739
          39356635373165376332376562313664353833326465653631373533386663373065656166333735
          33656132303333333864383564656237343333656333323537393838316361383339393533366563
          31323465623538666337396334646166313035396331386165663938613832313231666366333066
          33653261643732326533376531336435393366346366303131333438643264323164373934623561
          61396334343662373033326634356666663132396233613939613633663432383865396436656465
          30346136623534396631626164386561323261396137653435666530343637346639

lorry_automation_user_ssh_priv_key: !vault |
          $ANSIBLE_VAULT;1.2;AES256;lorry
          37363932316130626566333033383138616236616238633534343035616432646562343030346236
          6166633632633964323266356565663463386162333665360a386265346534386230343231366562
          35356563373236343063316363393236393366633234653663323235616261653461323266356366
          6238663232653935640a363236313365663465653061666565646133653666353165366239356532
          39653230366239336438326566663936616430656165353764653937343236333566633635663033
          36666332346533393538623765333163356232353830303132633862653339303133373466333266
          32646630653636343361353430323535313938353233366330663932613138386131323336343034
          62313830303534333235333636633237633061323264316439623134613638666238323464643862
          61666166306164393437333736356664363063643239386134653138396361616432613966353866
          31643336303930363263353737363439653932366364343966366162363930313837343963656164
          34656431666136656264383961376561333439373666656161636662356238343334616638313330
          64373836643365333066393266636438646431653437346665366233623339376638316562373661
          34613862663066636632663766663037636432613462626135316366363432373631303238396134
          30623830346331633232346130623732653335633365663139623662643536303033646138626537
          38393539316231356539313438316439613737306463363638653462383630393937623936333366
          32326530333638306438613037316262343536363335663736356164613762663035633764396161
          38306364323863316135623264653836653064343363626133366534656330356432383639383963
          35623764323735333766643461303061613364393463623063323937633661316238353936656164
          66663264343233646632333530333337303139326165356264666162626361313361616335303235
          34663865393461343636356338393138663730313937613231636362323862623230393266376436
          35323164636266303232623464386164613032393964643132306438366536343538326665303133
          62656536343031383464616164643932376333343861383733353536383331316337626231306537
          63623831353264393236643438343663393234363338306631613531373864613535306239366361
          35313736383032626165323639383334303335323834306265313133393864393538333234656462
          34313563393930333738306237343438313433326161326663633334303262303630663139336334
          33323065386137373864663064383964343263303766383130323364323965653732613930383666
          35356433316634643037393866396261373263376361316332303661613231353233633031613463
          35656562353833326135303566623937376437653539356564623230643032363338623031363664
          38316630656233323266356131623130383734316431636164313366373166363764313133393966
          37313133383932303964343162373563633965646663313930623233373039343339663865663166
          33383965336334383065316533623634383663323864313830343336383564613835346139386534
          66666338323837356431616535663737646665346232356565383431326165363434303864333762
          39633932646431366365383064656530376161326164313031613863363932616636623633313834
          37343136346432396635376563343935353537623732353965623832326335643332636662303636
          64666334303233363861613934386430356630666137336433313865626634663834313166616137
          31333434396439353832336266623366626331313063613439333534353466303436303764346630
          39613761353233353236343661626664663465333337643964313664613035313866386135393231
          31633238313463636131643063303166633833353564623265626566316564333738356262663066
          64353836323061353064353538353065393237323430633237356162613965643035316335633239
          38323739666137326430346263333837363564653262626135333766313632383132653934663939
          38316462333731356364666235663539363461356239613661346665653461326234666533616666
          31356132383137373731643732646433313665653866626239356338643761623236353366363439
          63363337346461656164613565663336383962326664623537633330353264653736343237396365
          37303638326262376264376463353266356131643835393732326436346363623738346466626339
          64616138373030383531336638306364333466333065383230616365303637383132363931366265
          63653666333839303437376164383663663532356439313062396336343936343939393861623131
          34346664646361393666613334643062326132363163363862636366373138343935383932653138
          39306365373363643139306232643036643732623439343038323536376432663431636535613230
          32626562396435623365663564363862626532323766323432323537316563366161366337663665
          61653561383534663437646436323039353166313863313863306235643337653833626262663531
          63353137373763373334336631663637373762353562323966656630663262633030383566386166
          38336366356234323936373238316639393830663434356163636532656331656430303465356163
          64353339646266366139636434336364323431303861366465646664616135306666653565376339
          38303863623334336366613236393832333234346631346463323630393033353339336233353538
          31633961633431313964343435393134343132373463643166386265396138323064656565366165
          38653830656461363361323033333731623062336537666237653861653133383630656432366637
          63353637373038373932613735323863653261313739363936303061653665613666636566633331
          37633938306137653037666438363338316166663230386236326632353536326236653030626139
          39303431663562333430336265326262316363653362383139343531303137306163333862653838
          36633730613734333937623464653530623063303134656232636530316330613231633133346232
          32303563336563373966363234633036336666393431386337346664326361306166643765333465
          39666439623866336231646331623061343166303038626137353337303861323161643032666231
          32643630663832353636313963353536623337346437653064396234386439336130303235316439
          38653239633965613033313563633230386130613930373565343434633731393762383137663863
          66303161323062346135306634383235663664626434386663636235383563633965633732376430
          35323934323930366466613739333465343061663037396239306662306530663632636332646232
          38666364633364636436333763636434636665616465633130636435633963363863346633656264
          64383063653136633961306439623435393732353938316337393361326339323662313262383130
          62366163353234356436366537653732343135386661333735326636666431626561386134613832
          61343862363562626433323664313562353134393866303939373064303332326461373262373263
          62656335303365356231396234323266303161613931336561363834363764383735333238623839
          31626536636534373962613233623734666566626461363964393230373435373963306132623361
          33393662386338303062366531643831623131616437346635366234626466333731393731633830
          62653761636266376632396139643336396534306233376265386335656335333463623538626236
          34393664376233336435396437353734646635303961636665626633366662373637613638643730
          35666539616631613763386235346662666364623739633835663864396436343035613932316436
          36393966633134363864376134363631343866656466383135326661613562623439356436396261
          66313136316264373536393861383231353031373366613963373331646232633939333237653263
          63396530616361666462626534633633373162663933643765383132396535316332393639393939
          32363437646463386165656637376633326232383834363065343037353761393938613461313733
          64336336643935323033376230623961333865633831333837353334646236333739613461366331
          33656566343232313033383565363238623231323265666139643931393764316137326663373735
          62656336623834633763626237356133333333666138636266303039343937333038383031623364
          64303630653432333764336536336666373035666437376661346434396165653331326334626438
          66363238626339336266663735313063346535613833303433396636306632343030363461663964
          66643362366134316139386338316464633337383364623064613832636264616662373963303664
          38343331353561333032363237396131316436656131663465343464363537336530613063323834
          61313162376131393566376163353439393164623462303735653432653434623435313264313634
          62343636383166393838316262653838633733373330363261323432393664373266366636336237
          63336165623233313566373464393664313839323934353037393634396236393531633237656164
          32313632633461303735343365313633306635613734353736646462613835613237376366323430
          35333136373234653538333365383036336133646366396535616435303435633134306264653334
          35363537633830336533613134343936653532646639353565656234626262376331626330623666
          64663236326534393465356563376537623535316230356533353731393531656636306539316234
          65313265633133313939333238383835343061363138663861303036333634383639343530303061
          36346664666462626136323034336339613365373236653736383462613139373930663438343239
          37356232393030653334613630356663666665313138643265306230663066393631653531343933
          30356639616234636165313864336532643335353935646561646531316462383963346462646662
          33393535363861663532336162353236313237313962363563376133336531343539643631623332
          30366663366533666639343461613462666338383436616533383231363363316337663361663565
          32626263313334613133663832323163633138643461653565343362623365343430643835646461
          63343362663561663463643030343135663661353565626265633266313234383633313935653332
          65313637623134343833303966363362326432613564323533633030363034653431633637636334
          33346462356563383863656532383632363334653965616432386165323837313732636635643664
          61336231373036336137346665633735373333626633313237646365646536653639643330623438
          30323562353530613138313437616266393463336531346531396339623337646363616233323665
          64373334323164396530623337653335613930626530333765396466343262353365656633656166
          63303765393536373461376339373634383634303831643230326337633065623938373631383366
          65343931343763393062636239643964386136373531383934353039343432666337303833303733
          35643164336636333066373263613862656464656234343736666662653635346138393230323032
          39353763313961393461356334393033343930333336343964636363653036653131386534303435
          39643864633437363565663734336238396135346136376234356630373739613264373138363661
          65663534383130353133323232626263653962333837623663386566653166616437616462346338
          38313764616232313462623437363537363131623837373432626637613830396565393066646166
          32383934313330363934363531376137316635323438646239333033313238313830626464393166
          32316430336164376135653866656431643563383630656235636465363438656237306262613763
          36333038343765376338326132353362333337393930643466623764303765353130306563663962
          66336431376466373962343862353039396636383633623564333961363361303139633436613933
          35356664336230303830366565336463353834326630316263383334353438303833313966373934
          39313031366262626139653933316465616330643633393932333239643061376230613537323335
          30323666363439613061343930373438313832336435613366333735343135663361363437313733
          34363263343664306439623032323233626332343162343466626237656364353261666565353136
          30313134653130613235356661376335643961306239363736613361343539656233353738623037
          65396338393839656633633738623937333631376137613163386365626166666539333033663537
          32356331303132306266626332643465666566616436626131626235613535633261646530386333
          33373161373138386463313136633338346636306431613665633436356664376332366265656531
          33646531653335393362356130613866613266646433396262326361396539353163353935613736
          65326361316364393536386264666466616131666434346130303331613963353861376339353330
          64386135656432383666643365646132643763323137663062396264396237626165343337383332
          61623637353533613339643639616130343431633936383334376335636539366162386463356266
          32333264373131633638663933333136376463623031663365666333656666663532646538653663
          61623962636535613437636362643264373066376130373930323061353961633339633333376134
          63336531303237613637303462626161373962613062356463393661633465383132653865343163
          37363636376232303061393337653130633637366437363138356162313735613132633130656237
          333736336664316135396562376334363734

gnome_gitlab_domain: "gitlab.gnome.org"

lorry:
    config_repo: "ssh://git@gitlab.gnome.org/Infrastructure/Mirrors/mirroring-config.git"
    gitlab_access_token: "{{ lorry_automation_user_api_token }}"
    gitlab_domain: "{{ gnome_gitlab_domain }}"
    gitlab_repo_visibility: public
    mirror_base_url: "https://oauth2:{{ lorry_automation_user_api_token }}@{{ gnome_gitlab_domain }}"
    ssh_key: "{{ lorry_automation_user_ssh_priv_key }}"
    ssh_pub_key: "{{ lorry_automation_user_ssh_pub_key }}"
    gitlab_token: "{{ lorry_automation_user_api_token }}"
    gitlab_ssh_key_name: "Automated Lorry Service Key"
